,affordability_score,digital_score,urban_score,innovation_score,talent_score,growth_score,opportunity_index
affordability_score,1.0,-0.008,-0.274,0.012,0.028,0.127,0.15
digital_score,-0.008,1.0,-0.16,0.41,0.786,0.415,0.773
urban_score,-0.274,-0.16,1.0,0.009,-0.099,0.063,0.178
innovation_score,0.012,0.41,0.009,1.0,0.512,0.506,0.732
talent_score,0.028,0.786,-0.099,0.512,1.0,0.35,0.811
growth_score,0.127,0.415,0.063,0.506,0.35,1.0,0.697
opportunity_index,0.15,0.773,0.178,0.732,0.811,0.697,1.0
